Cluster 0: 3097, 2427, 1286, 333, 2512, 3245, 574, 1822, 2950, 3062, 3024, 2832, 3515, 1592, 1048, 388, 2825, 454, 2893, 3146, 2720, 2380, 3578, 468, 550, 1296, 1855, 708, 1355, 1928, 2842, 1192, 249, 306, 2001, 1983, 2634, 115, 464, 2187, 3039, 1294, 950, 3339, 2768, 156, 3016, 2277, 162, 3312, 1767, 1823, 590, 1584, 1862, 3439, 1466, 475, 1535, 35, 2580, 1325, 3095, 780, 2932, 2019, 3489, 2022, 2851, 1690, 811, 432, 2435, 1926, 859, 2170, 1624, 1538, 2520, 224, 3184, 2761, 1726, 2607, 3105, 3160, 2276, 1433, 3138, 585, 1444, 33, 3492, 2531, 321, 422, 1875, 66, 1217, 3511, 1721, 3417, 2362, 2029, 2979, 3348, 1049, 183, 60, 3214, 1603, 2675, 2496, 1539, 3706, 2789, 2891, 3655, 3210, 2383, 930, 1722, 1555, 2838, 274, 2669, 1766, 2305, 1193, 2676, 45, 2859, 230, 2539, 952, 2594, 1071, 1351, 522, 2035, 543, 85, 2873, 2555, 560, 3187, 2552, 2905, 756, 996, 2229, 3435, 283, 2921, 499, 3110, 431, 2939, 3633, 2132, 493, 2968, 3168, 3017, 1485, 353, 645, 2373, 1269, 945, 3391, 697, 3162, 2280, 2294, 392, 465, 1588, 3388, 316, 531, 2857, 938, 3429, 2545, 964, 329, 3471, 1901, 3075, 101, 2198, 3331, 3631, 1577, 15, 2060, 599, 216, 3456, 2285, 1477, 1153, 2721, 3005, 3223, 2508, 398, 3041, 2334, 2744, 1278, 1479, 2829, 111, 62, 2296, 301, 277, 2826, 1866, 2627, 116, 2329, 2201, 2739, 3117, 1041, 2375, 1714, 3625, 2448, 2792, 2781, 885, 2200, 891, 2331, 2988, 1262, 3531, 1352, 3645, 3640, 1275, 1844, 3215, 807, 2976, 1764, 1180, 3562, 1985, 815, 1628, 2793, 3678, 56, 2290, 2643, 1738, 311, 2470, 245, 3089, 1119, 2476, 589, 2281, 597, 3477, 944, 712, 1723, 1967, 538, 166, 2983, 975, 1367, 1111, 3610, 2385, 481, 3436, 44, 2907, 3191, 253, 2314, 246, 341, 1947, 2345, 2660, 345, 2325, 3705, 1927, 2714, 2432, 2183, 3349, 3032, 3695, 1546, 848, 2416, 1460, 83, 3022, 2078, 2, 1833, 2018, 1552, 666, 179, 2158, 2433, 908, 380, 2975, 3114, 3687, 1715, 3365, 2623, 1681, 51, 2630, 589, 1914, 220, 2483, 2783, 824, 2343
Cluster 1: 320, 2042, 2757, 1023, 803, 1344, 1109, 2014, 3273, 1107, 470, 800, 1502, 2073, 784, 3205, 1212, 293, 2275, 2703, 3367, 1691, 75, 1080, 2173, 237, 1639, 1786, 1493, 1667, 2543, 382, 1454, 1341, 1101, 693, 1276, 2567, 1798, 2057, 1046, 2877, 3624, 675, 2230, 3182, 41, 2269, 3552
Cluster 2: 1410, 2856, 3479, 3287, 457, 2874, 2457, 1387, 1889, 2418, 3190, 1348, 176, 2568, 1113, 1427, 1397, 2752, 1743, 386, 582, 2754, 2041, 3357, 2049, 3603, 1184, 1694, 1500, 2450, 3219, 1298, 2906, 1426, 3054, 537, 2218, 1890, 2911, 1360, 1581, 1865, 2542, 2852, 2986, 286, 2214, 3353, 2161, 84, 631, 2528, 223, 542, 939, 381, 688, 54, 883, 3284, 575, 266, 1906, 3217, 2473, 2244, 1245, 904, 3311, 2182, 1604, 2880, 2868, 164, 3238, 742, 966, 1204, 3537
Cluster 3: 2114, 3047, 2583, 354, 3228, 1164, 619, 1674, 849, 2493, 1257, 2597, 359, 171, 3368, 1191, 691, 2112, 845, 43, 1154, 521, 2945, 1525, 2318, 2055, 2401, 474, 3591, 2974, 1886, 1174, 514, 1457, 3399, 808, 2701, 3445, 1473, 3192, 751, 1486, 2260, 2109, 2709, 555, 511, 1463, 61, 503, 1548, 816, 10, 3629, 1495, 2635, 980, 3102, 1403, 7, 3121, 1948, 2392, 1210, 2140, 663, 1135, 2463, 3221, 296, 3601, 2298, 2430, 1846, 2507, 1576, 1395, 510, 1129, 3653, 440, 3019, 1664, 2124, 1149, 2489, 787, 1575, 846, 2103, 2937, 358, 2807, 896, 490, 2209, 3650, 2084, 2621, 1008, 347, 1472, 3384, 1797, 423, 3154, 2571, 1015, 750, 3351, 1902, 3177, 1258, 2663, 1729, 2414, 1895, 3681, 2573, 1337, 2942, 3309, 511, 2165, 3133, 2462, 3595, 1188, 2348, 1673, 2617, 2677, 1540, 238, 3544, 3326, 3130, 2728, 1130, 799, 2771, 1145, 1078, 1038, 2577, 671, 2444, 2453, 3485, 721, 58, 2063, 2292, 1943
Cluster 4: 2033, 941, 463, 3299, 406, 1679, 1672, 2685, 1489, 3411, 2805, 366, 2309, 1375, 480, 2389, 2394, 3704, 773, 3684, 1248, 3185, 3186, 3317, 1963, 243, 833, 255, 1537, 1710, 955, 890, 656, 2688, 2667, 2505, 898, 3116, 2733, 1102, 3382, 3199, 412, 1849, 2175, 1098, 1698, 3328, 1909, 3481, 2572, 1665, 172, 1339, 3225, 1207, 372, 3582, 2241, 1039, 144, 57, 3366, 174, 1824, 1012, 804, 1907, 1082, 218, 728, 377, 1003, 11, 105, 2113, 2993, 25, 2253, 736, 1648, 1045, 981, 677, 2090, 3644, 3558, 932, 1281, 758, 13, 719
Cluster 5: 3359, 694, 3375, 920, 638, 1874, 1946, 2354, 387, 3539, 1992, 2215, 1893, 455, 2518, 2538, 2333, 181, 3447, 1178, 234, 3600, 2561, 2010, 1549, 291, 494, 1936, 3567, 680, 3064, 2046, 1649, 1055, 1937, 2902, 3386, 725, 3306, 3020, 566, 2465, 3281, 2088, 1974, 2575, 920, 312, 1242, 2977, 855, 2570, 577, 1956, 3641, 3087
Cluster 6: 2162, 3246, 1924, 1873, 1587, 3354, 2998, 96, 762, 1851, 1378, 145, 3067, 482, 373, 548, 3288, 3561, 1390, 2646, 3044, 2271, 567, 2222, 970, 1761, 2136, 177, 2273, 140, 3203, 732, 2787, 643, 2735, 3434, 1144, 1414, 3599, 2592, 1511, 476, 871, 882, 3442, 1773, 1128, 1492, 1182, 2849, 1916, 3538, 3661, 1303, 2317, 2698, 1127, 2738, 3271, 3674, 3134, 2996, 3380, 196, 1897, 3664, 204, 5, 2879, 3398, 456, 3237, 340, 3700, 2133, 2303, 2261, 1059
Cluster 7: 2058, 3660, 829, 1898, 349, 2398, 1925, 2105, 1295, 1685, 1632, 3669, 1343, 1297, 106, 1815, 1196, 3566, 654, 534, 3709, 601, 1827, 3048, 2203, 2393, 3161, 1834, 168, 1857, 921, 889, 1801, 397, 687, 822, 609, 1530, 3676, 1377, 3432, 1143, 1859, 1813, 2578, 38, 444, 907, 2944, 1138, 1765, 536, 648, 1040, 2137, 2438, 509, 429, 2904, 2556, 1142, 2972, 356, 2487, 2767, 1650, 3077, 826, 2889, 676, 1567, 2291, 2353, 1175, 1436, 1405, 378, 3637, 2814, 1962, 2922, 1389, 8, 1443, 2541, 1058, 869, 3308, 3283, 2117, 3251, 1201, 3708, 37, 502, 3638, 77, 1687, 1808, 2702, 1026, 2770, 2638, 2990, 488, 1534, 182, 1075, 2130, 2026
Cluster 8: 3243, 3244, 995, 2681, 1923, 240, 2004, 710, 3247, 3364, 1658, 2347, 3232, 2992, 737, 2655, 2356, 838, 2262, 2032, 769, 272, 971, 3033, 1520, 496, 1758, 478, 662, 2045, 1978, 2606, 3248, 1633, 2265, 233, 2601, 1988, 1831, 2892, 2887, 662, 2469, 2624
SSE: 675.4963529167406, MSC: 0.013902731418085625
