Cluster 0: 2427, 2856, 3299, 1592, 1048, 3246, 3368, 2380, 3578, 550, 1296, 480, 3016, 762, 3439, 773, 475, 3684, 1248, 176, 3095, 2215, 2022, 2518, 1963, 1427, 243, 833, 2538, 3105, 1433, 585, 33, 1743, 386, 582, 2333, 321, 181, 66, 60, 3214, 1603, 61, 1539, 3655, 3210, 2383, 397, 1766, 1193, 687, 2676, 1694, 952, 898, 1351, 1500, 522, 1298, 1102, 2873, 3676, 3382, 3367, 3199, 756, 412, 1426, 3168, 3017, 1485, 537, 2175, 769, 3162, 2294, 1909, 3388, 1664, 2911, 2572, 509, 1128, 2904, 329, 1901, 1665, 3567, 1142, 1360, 1758, 680, 2849, 1581, 599, 216, 1207, 3384, 3353, 3041, 2334, 382, 662, 1650, 2528, 2375, 1714, 3625, 1824, 688, 1907, 3386, 1082, 575, 1352, 728, 266, 807, 3271, 1003, 2088, 1628, 56, 2993, 245, 3089, 25, 1245, 589, 2253, 1967, 1367, 1111, 3610, 1045, 481, 3436, 2868, 2314, 2325, 3705, 577, 3695, 848, 1204, 662, 2433, 3114, 3087, 2130, 13, 589, 2483
Cluster 1: 1815, 7, 85, 15, 2285, 1906, 3380, 204, 2624
Cluster 2: 320, 3244, 3660, 3359, 3228, 829, 3062, 1164, 1898, 2757, 2825, 171, 1923, 1873, 845, 1154, 2105, 2004, 1889, 1525, 1874, 1946, 1685, 2401, 3591, 2389, 3669, 464, 1886, 1174, 2354, 162, 1823, 1584, 1862, 1348, 3186, 780, 3709, 373, 455, 811, 432, 859, 3288, 224, 2203, 751, 1486, 3138, 2109, 1834, 511, 2754, 422, 1875, 2675, 3706, 1495, 890, 2273, 3121, 45, 230, 140, 2275, 2463, 3221, 296, 3601, 2561, 2430, 1859, 499, 1846, 3110, 1849, 2010, 75, 1395, 510, 1098, 1129, 3481, 3019, 1890, 316, 2545, 1149, 3033, 1936, 3631, 1182, 1575, 3064, 1865, 2103, 358, 2807, 2621, 347, 1472, 356, 1797, 3154, 84, 62, 2571, 1015, 2296, 750, 3351, 57, 1902, 2201, 223, 1729, 804, 883, 2057, 3284, 725, 378, 2573, 3215, 2738, 2976, 2922, 2942, 8, 511, 1985, 3674, 3133, 2462, 2473, 2244, 2281, 1058, 3477, 3624, 736, 675, 1540, 44, 2182, 3398, 456, 3130, 345, 164, 1130, 1145, 1038, 2702, 1831, 2770, 83, 3641, 908, 380, 1075, 2292, 2630, 1943, 824
Cluster 3: 3024, 995, 1191, 2398, 2945, 3411, 1295, 306, 1297, 2277, 3192, 2520, 1857, 930, 2392, 996, 494, 648, 3075, 2937, 3538, 490, 1649, 478, 2487, 423, 3077, 676, 939, 3248, 1046, 2265, 3544, 37, 246, 2990, 488, 51
Cluster 4: 2114, 2832, 3287, 463, 406, 1924, 43, 1672, 638, 2055, 1632, 366, 2418, 3339, 1767, 387, 3399, 2701, 1992, 482, 601, 1390, 2260, 555, 3044, 1212, 2979, 3348, 1722, 2667, 1184, 3600, 1948, 2505, 2594, 3219, 3203, 732, 2262, 2507, 1269, 3391, 1698, 272, 2218, 1773, 2214, 372, 2209, 2084, 1008, 3582, 2241, 2826, 2329, 3366, 3177, 1978, 1012, 542, 2414, 2331, 1405, 3640, 377, 3134, 312, 238, 2879, 3311, 253, 341, 1947, 3644, 3558, 2728, 2570, 799, 1687, 2771, 3032, 1808, 932, 1546, 3687, 1914
Cluster 5: 3097, 1410, 1286, 3243, 333, 3047, 2512, 3245, 574, 2950, 3515, 1674, 388, 3375, 1257, 1679, 2597, 359, 920, 710, 2318, 1489, 2309, 249, 2001, 1983, 2634, 2974, 3039, 950, 156, 1457, 590, 1466, 35, 3539, 808, 145, 2580, 2932, 2019, 1658, 2851, 1690, 3232, 784, 1473, 1926, 2170, 1538, 3184, 2761, 1726, 2607, 3160, 2276, 3161, 2646, 2271, 567, 2531, 2222, 1217, 3511, 255, 1721, 3417, 3357, 1049, 183, 2789, 889, 1555, 177, 2838, 274, 2669, 2859, 822, 3116, 2035, 2733, 1135, 2555, 560, 2552, 2906, 1143, 283, 2921, 1414, 3633, 2968, 838, 1549, 353, 291, 645, 476, 2373, 945, 2280, 465, 536, 1588, 2438, 2124, 1492, 2489, 964, 3471, 101, 787, 3331, 496, 2542, 896, 1153, 2721, 2046, 3650, 3223, 398, 1278, 2829, 1055, 277, 144, 1866, 116, 1567, 174, 2739, 1341, 1041, 2448, 2317, 2902, 2663, 381, 885, 2200, 218, 2988, 3306, 3681, 3531, 3637, 566, 1962, 1844, 3309, 3562, 3281, 815, 2165, 3595, 1738, 1188, 2348, 311, 2470, 1673, 1119, 2476, 920, 597, 1648, 712, 1723, 538, 2983, 3251, 2385, 677, 2977, 3237, 1927, 2714, 2432, 2601, 742, 2183, 3349, 1078, 1988, 1281, 1460, 3022, 2078, 2577, 2887, 1833, 2018, 3537, 2158, 2469, 2453, 3552, 721, 1715, 3365, 2623, 1681, 2063, 2261
Cluster 6: 2583, 2058, 2042, 2162, 3479, 849, 349, 2874, 803, 1344, 521, 1925, 3354, 2842, 1192, 1375, 2014, 474, 3273, 1107, 514, 470, 1196, 800, 3566, 1502, 2073, 534, 1113, 2393, 168, 921, 3205, 1537, 2029, 293, 2496, 1548, 234, 3629, 1801, 2655, 955, 3603, 2539, 1210, 609, 2140, 2905, 3432, 2298, 3435, 2132, 1813, 2173, 907, 1639, 971, 531, 1786, 2137, 3429, 1493, 1667, 2972, 1916, 2543, 301, 2889, 1175, 2792, 1101, 1276, 2567, 1798, 54, 1180, 2877, 3678, 975, 1604, 2090, 2880, 2230, 3326, 3182, 2269, 2892, 3485
Cluster 7: 1023, 2457, 1355, 2998, 115, 1343, 96, 1851, 1378, 3247, 3364, 3067, 654, 3185, 1893, 2347, 548, 3048, 1397, 2752, 2992, 3561, 2041, 2049, 1761, 1710, 737, 2136, 2891, 2635, 663, 1530, 2787, 643, 2735, 3434, 1144, 3599, 2592, 1576, 3054, 2032, 2578, 38, 444, 1138, 882, 3653, 3442, 1520, 2556, 286, 1477, 2767, 3661, 2045, 631, 1303, 2353, 2698, 891, 1436, 1262, 2814, 1275, 1337, 1389, 3217, 2793, 1443, 2996, 1633, 2541, 196, 1897, 3308, 3664, 3283, 5, 1201, 981, 502, 340, 2660, 3700, 966, 1026, 2133, 671, 2303, 58, 1059, 2783, 2026
Cluster 8: 354, 2681, 2893, 3146, 2112, 1387, 240, 1855, 1109, 106, 2568, 1827, 2435, 1624, 1444, 1463, 970, 3447, 2362, 816, 10, 980, 3102, 2688, 2356, 1071, 1377, 431, 1691, 237, 871, 2944, 3328, 392, 440, 1765, 1040, 172, 2060, 1339, 846, 2986, 2161, 1454, 826, 1039, 2291, 3117, 1258, 1895, 1127, 1764, 2113, 2290, 2617, 869, 904, 2677, 166, 1242, 3638, 3238, 41, 666, 179, 2975, 182
Cluster 9: 2033, 941, 1822, 694, 619, 2493, 457, 454, 2720, 691, 468, 2685, 1587, 708, 2805, 1928, 3190, 2187, 2394, 1294, 2768, 3312, 3704, 1535, 1325, 3317, 3489, 3445, 2709, 3492, 1178, 503, 1403, 656, 2305, 2450, 2703, 543, 3187, 2229, 2939, 493, 1080, 1511, 697, 2857, 938, 429, 2198, 1577, 2852, 3225, 3456, 3005, 2508, 2744, 1479, 111, 1937, 2627, 2606, 693, 2781, 3020, 3645, 2465, 11, 105, 2643, 1974, 2575, 944, 2117, 233, 3708, 2907, 3191, 2345, 855, 77, 1956, 2416, 2638, 2, 2444, 1552, 1534, 758, 220, 719, 2343
SSE: 672.5798322883248, MSC: 0.014940075458196127
